25
25
131
128
128
129
129
129
130
126
120
101
85
82
90
97
102
108
113
115
119
123
125
128
133
142
152
117
118
117
119
117
112
105
98
80
72
69
67
73
77
75
82
90
96
102
106
109
115
120
126
136
121
123
119
108
94
82
79
80
75
77
81
77
78
77
81
82
85
87
88
96
105
113
116
121
124
121
116
106
88
76
65
70
75
76
81
83
86
89
87
80
81
77
79
84
89
96
108
112
116
119
113
101
85
77
61
59
68
80
95
114
121
123
125
123
110
95
84
73
76
83
88
97
108
113
115
108
93
79
70
58
60
76
101
124
137
143
143
143
143
135
112
95
76
68
76
82
89
103
110
111
111
96
80
67
63
71
95
122
145
160
166
165
161
155
152
128
106
84
69
67
76
86
94
107
109
112
95
78
63
64
79
111
136
153
171
179
181
176
170
163
145
118
91
72
65
70
83
93
106
108
101
82
67
57
61
77
114
134
147
158
168
172
172
165
152
138
123
100
76
65
60
73
91
101
104
102
82
69
59
64
82
111
119
124
136
150
159
165
154
130
119
113
98
78
69
63
69
89
99
103
100
85
76
60
65
85
111
107
109
117
129
140
149
135
120
113
107
98
76
69
65
70
90
98
102
100
91
78
61
72
94
112
104
108
116
136
144
148
138
128
120
111
104
85
76
68
70
89
98
100
99
91
76
64
72
98
125
126
133
140
154
162
162
153
151
138
124
109
94
91
76
71
83
100
99
97
91
75
67
79
109
137
146
155
160
166
166
177
163
161
150
137
119
101
100
84
73
78
100
101
97
90
72
64
79
110
137
152
164
165
170
174
180
167
161
154
142
125
102
98
85
74
77
101
107
97
88
73
70
78
100
130
144
159
160
152
151
159
154
150
149
146
117
99
92
81
70
78
102
108
98
86
71
72
80
91
122
137
155
153
143
142
148
148
145
145
137
108
96
85
78
71
78
103
109
99
88
74
69
75
82
110
129
140
145
137
141
148
152
140
132
118
101
92
81
75
74
85
101
108
101
90
77
71
72
79
97
122
124
136
139
143
146
143
135
119
103
96
89
80
79
77
87
102
107
103
93
80
74
70
78
85
108
119
132
142
146
151
142
132
113
97
94
85
79
82
77
89
100
106
102
94
81
75
67
74
81
96
113
127
140
150
151
136
125
108
98
93
85
79
82
78
85
91
102
106
99
91
81
72
69
81
89
99
111
125
130
130
124
116
105
106
101
85
74
70
76
82
93
105
110
108
94
93
84
79
89
89
94
104
111
115
117
116
121
116
113
106
91
70
66
76
85
99
106
114
114
113
113
108
93
85
91
93
103
102
110
113
120
126
127
139
129
105
74
70
77
83
89
99
128
142
138
123
109
94
86
98
104
106
102
107
114
123
128
136
142
137
125
104
83
76
76
78
88